2-phenyl-1-ethyl	57.8237421125	89.6175256729	29.6095604521	39.0605885972	46.9674115293	53.5498411655	63.5351525937	70.4325557219	80.9870291069	0.0	0.0	0.0	M.K.Sabbe Thermo CBS-QB3
3-phenyl-1-propen-3-yl	59.3757499997	88.9928550188	33.3609042286	43.9811574815	52.6968941233	59.8282312574	70.4476353854	77.7181465714	88.6481466795	0.0	0.0	0.0	M.K.Sabbe Thermo CBS-QB3
3-methyl-1,2-butadiene	30.7372985343	76.4868377819	24.7339526611	30.2400712154	35.100590802	39.3671241515	46.3276600626	51.546488801	59.8473673543	0.0	0.0	0.0	M.K.Sabbe Thermo CBS-QB3
2-methyl-1-propen-1-yl	56.3593752156	73.1886670834	20.9857182488	25.4702855867	29.4292248478	32.90596072	38.5874050914	42.8655523758	49.7500248216	0.0	0.0	0.0	M.K.Sabbe Thermo CBS-QB3
1-penten-4-yne-3-yl	91.8847432115	74.4061161426	22.1208966684	27.001249409	30.9197436679	34.0858946055	38.8425829824	42.3208591194	47.7880316421	0.0	0.0	0.0	M.K.Sabbe Thermo CBS-QB3
2-butyn-1-yl	73.9989863141	70.8606600159	18.8652391883	22.3866901976	25.4783348854	28.1811009523	32.5779113323	35.8813561706	41.1856556155	0.0	0.0	0.0	M.K.Sabbe Thermo CBS-QB3
3-methyl-1-butyne	33.7266734501	76.5788641761	25.1710462219	31.2124158631	36.2682373321	40.515853192	47.1791894337	52.1545694785	60.0884249718	0.0	0.0	0.0	M.K.Sabbe Thermo CBS-QB3
n-butane	-30.2656081738	74.4875249049	23.6666541411	29.5810433624	34.9426957809	39.7389049128	47.6618935939	53.5592623799	63.0581642854	0.0	0.0	0.0	M.K.Sabbe Thermo CBS-QB3
neopentane	-40.0574352423	72.7940550929	28.9529640559	37.1653076841	44.1583623971	50.1109842858	59.5214729245	66.4720982075	77.5771372179	0.0	0.0	0.0	M.K.Sabbe Thermo CBS-QB3
isobutyl	18.2210268058	76.41437392	23.0081308769	28.8133593834	33.8231400099	38.1392175819	45.0565563748	50.2165884087	58.5272120357	0.0	0.0	0.0	M.K.Sabbe Thermo CBS-QB3
1-buten-2-yl	55.920673072	75.6352321129	20.1689645065	24.8751845746	29.0250724365	32.6583518825	38.5460865274	42.9046021893	49.863391684	0.0	0.0	0.0	M.K.Sabbe Thermo CBS-QB3
trans-1,3-pentadiene	19.0596643991	76.1133518451	23.9445415128	30.6474628643	36.3093002171	41.0502410317	48.2363442382	53.1119175677	60.7392687704	0.0	0.0	0.0	M.K.Sabbe Thermo CBS-QB3
2,4,4-trimethyl-2-pentyl	-10.7389942496	106.320384949	43.7928883196	55.9913618346	66.4510091233	75.3818864027	89.4375152225	99.5985357161	115.680390041	0.0	0.0	0.0	M.K.Sabbe Thermo CBS-QB3
1,3-butadiyne	110.382210649	59.2718308371	17.1990700861	19.7258373324	21.5455360005	22.8816343092	24.783197356	26.3634507508	28.8599275772	0.0	0.0	0.0	M.K.Sabbe Thermo CBS-QB3
3-ethenyl-3-ethynyl-1,4-pentadiyne	195.868019919	97.4414181245	38.4095713983	45.8335050512	51.4351114233	55.7113996982	61.841783449	66.4636288075	73.5719462155	0.0	0.0	0.0	M.K.Sabbe Thermo CBS-QB3
2-methyl-1-butyl	13.7423215614	87.3721411375	28.683357072	35.9221268773	42.195353694	47.6098830558	56.2652762154	62.6432492907	72.8581968617	0.0	0.0	0.0	M.K.Sabbe Thermo CBS-QB3
3-ethenyl-1,4-pentadiyne	95.540473309	87.8902638164	30.0845861398	36.3896810604	41.3648497675	45.3292678784	51.243705763	55.6510035802	62.5631781048	0.0	0.0	0.0	M.K.Sabbe Thermo CBS-QB3
trans-3-penten-1-yne	61.3633299403	74.7972069337	22.7080104165	27.5387563873	31.6383237975	35.1225082547	40.6411248349	44.7538273629	51.2824059953	0.0	0.0	0.0	M.K.Sabbe Thermo CBS-QB3
4-phenyl-1-butyl	47.2564977595	108.923056302	41.3029508474	53.6656629919	64.0803567153	72.8074922877	86.1530739382	95.4346656176	109.689784164	0.0	0.0	0.0	M.K.Sabbe Thermo CBS-QB3
cis-3-penten-1-yne	61.0368610211	75.2209755175	22.2300480478	27.1631408787	31.3442236821	34.892588673	40.4994745164	44.6626978896	51.221691083	0.0	0.0	0.0	M.K.Sabbe Thermo CBS-QB3
3-phenyl-3-buten-1-yne	92.8089477914	92.9911665796	35.8366296345	46.3778745476	54.8135837053	61.5646370307	71.4155185819	78.1744494028	88.1628395294	0.0	0.0	0.0	M.K.Sabbe Thermo CBS-QB3
propyne	44.2897901786	59.2029760075	14.3987064587	17.1812728257	19.5593931629	21.6026015627	24.9142005423	27.479468998	31.6199459542	0.0	0.0	0.0	M.K.Sabbe Thermo CBS-QB3
ethylbenzene	7.08094002893	86.1169207233	30.5603129762	40.4492214186	48.8281271999	55.8825340164	66.713196444	74.2385618882	85.7576113519	0.0	0.0	0.0	M.K.Sabbe Thermo CBS-QB3
1,3-butadien-1-yl	86.3500386832	68.9126041865	18.7118537056	23.6925571179	27.5662634653	30.5790056412	34.8304696756	37.714174861	42.1950466187	0.0	0.0	0.0	M.K.Sabbe Thermo CBS-QB3
octane	-49.7500321748	112.740859323	48.018110919	58.6876938587	68.5065319195	77.3726204734	92.0674903713	102.872105818	120.129948456	0.0	0.0	0.0	M.K.Sabbe Thermo CBS-QB3
3-phenyl-1-butene	26.135014434	102.429383749	38.9637798191	51.0924066049	61.2453571348	69.7057802957	82.5661590747	91.4768101	104.972806031	0.0	0.0	0.0	M.K.Sabbe Thermo CBS-QB3
1-butyn-4-yl	92.0410805159	72.0698640494	19.3949302849	23.2455328876	26.4074552826	29.0284487756	33.1235546551	36.2524624786	41.2596923538	0.0	0.0	0.0	M.K.Sabbe Thermo CBS-QB3
2-methyl-2-buten-1-yl	25.8299507479	80.4409412263	24.4625355992	31.0061841128	36.7166410675	41.6682843455	49.5947076622	55.3887421722	64.5633689936	0.0	0.0	0.0	M.K.Sabbe Thermo CBS-QB3
2-hexen-6-yl	37.9230744961	94.9727731327	31.2633834374	38.791435195	45.4017220664	51.1655512357	60.4533448041	67.28239177	78.1287828705	0.0	0.0	0.0	M.K.Sabbe Thermo CBS-QB3
isobutene	-3.95010391538	70.123594709	20.9810776989	26.1411063562	30.7205786944	34.7562817831	41.3595218316	46.3090964248	54.2612006548	0.0	0.0	0.0	M.K.Sabbe Thermo CBS-QB3
3-methyl-1,4-pentadiyn-3-yl	129.002774499	81.6430320325	26.0653046299	30.9428418511	34.8711210082	38.0635733657	42.9268045706	46.5683129008	52.2756983851	0.0	0.0	0.0	M.K.Sabbe Thermo CBS-QB3
cis-3-hexen-1-yne	56.484750143	84.8628286637	27.6776505756	34.3828173908	39.9630667327	44.6201768932	51.8430020201	57.1491558344	65.506332361	0.0	0.0	0.0	M.K.Sabbe Thermo CBS-QB3
3-methyl-1-pentyn-3-yl	63.0201994382	90.3431317381	29.2464765768	35.7431474794	41.4031731075	46.3132781315	54.2132659559	60.0674719462	69.3488166345	0.0	0.0	0.0	M.K.Sabbe Thermo CBS-QB3
nonane	-54.610100899	121.739233491	54.1249841396	65.9551509759	76.881952217	86.7706481299	103.173158827	115.198340352	134.383100608	0.0	0.0	0.0	M.K.Sabbe Thermo CBS-QB3
2,2,3,3-tetramethylbutane	-54.0625554667	94.947367741	44.2570759957	57.1183783842	68.1246938647	77.5219099366	92.37053202	103.223097301	120.154697219	0.0	0.0	0.0	M.K.Sabbe Thermo CBS-QB3
1-buten-3-yl	32.3265723305	72.0415988903	19.8732145464	24.9077971674	29.2964601991	33.0962419523	39.1613811316	43.5757862532	50.6085017524	0.0	0.0	0.0	M.K.Sabbe Thermo CBS-QB3
3,3-dimethyl-1-butyne	25.9327632096	80.5631140221	31.378107837	39.0674054313	45.4152310971	50.6819879002	58.8334279218	64.883032982	74.5337594105	0.0	0.0	0.0	M.K.Sabbe Thermo CBS-QB3
2-methyl-but-1-en-3-yn-1-yl	122.09601678	76.0635890249	22.7173676734	27.0560085295	30.5972370974	33.5118841952	38.0138549683	41.4049582561	46.7753007477	0.0	0.0	0.0	M.K.Sabbe Thermo CBS-QB3
2-methyl-1-buten-4-yl	41.7629855094	85.2822135802	26.0878384976	32.1690748006	37.4822272115	42.1009273121	49.5428683713	55.057436483	63.9118600472	0.0	0.0	0.0	M.K.Sabbe Thermo CBS-QB3
ethane	-20.6106069419	54.7551496124	12.4747165835	15.5155341056	18.3757130695	21.0117139262	25.5091719233	28.948186909	34.6064125315	0.0	0.0	0.0	M.K.Sabbe Thermo CBS-QB3
2,2,3-trimethylbutane	-48.7123679167	92.2220051155	39.7193659036	50.6741842935	60.1269255853	68.2567700271	81.207881028	90.7345259789	105.855528457	0.0	0.0	0.0	M.K.Sabbe Thermo CBS-QB3
3-methyl-4-penten-1-yne	60.2037931347	84.0964926389	28.4914774908	35.0233235159	40.458191554	44.9960817996	52.0507901299	57.2668918168	65.589308845	0.0	0.0	0.0	M.K.Sabbe Thermo CBS-QB3
1-propen-1-yl	64.0499920524	64.9284088755	15.2546742005	18.4927141367	21.3325993137	23.8124348812	27.8395630996	30.8596812411	35.739418242	0.0	0.0	0.0	M.K.Sabbe Thermo CBS-QB3
but-2-en-2-yl	54.5011981878	74.2501019839	20.2060477468	24.4602081251	28.4216152689	32.0323284712	38.0759525141	42.5517237623	49.6854900888	0.0	0.0	0.0	M.K.Sabbe Thermo CBS-QB3
3-buten-1-yne	70.071497979	66.4013339731	17.1781281835	20.864263737	23.854085897	26.2973600338	30.0307287799	32.8121051803	37.2563553237	0.0	0.0	0.0	M.K.Sabbe Thermo CBS-QB3
styrene	35.5733656722	82.6536805788	28.3665804559	37.8130054502	45.5821313112	51.9451607815	61.4039551916	67.8238653036	77.4416943499	0.0	0.0	0.0	M.K.Sabbe Thermo CBS-QB3
but-1-en-3-yn-1-yl	130.361573764	67.6924206274	17.0862558501	20.2323976314	22.6678447237	24.5741966362	27.373706769	29.4744993427	32.8076869502	0.0	0.0	0.0	M.K.Sabbe Thermo CBS-QB3
tert-butyl	13.0832585611	76.5802919795	21.3417678762	26.4864914299	31.3778957047	35.8949938115	43.5072842202	49.0953085667	58.05332785	0.0	0.0	0.0	M.K.Sabbe Thermo CBS-QB3
3-ethynyl-1-4-pentadien-3-yl	101.457974424	85.5132281656	30.3587724392	37.6202550938	43.4637484451	48.1887474811	55.2635567328	60.3698994442	68.2472707528	0.0	0.0	0.0	M.K.Sabbe Thermo CBS-QB3
3,3-dimethyl-1-butyl	5.34276740874	89.5760497175	34.4595016111	43.5934337498	51.3251105218	57.8614967334	68.0784851835	75.5090314833	87.3707102877	0.0	0.0	0.0	M.K.Sabbe Thermo CBS-QB3
3,3-dimethyl-but-1-yn-4-yl	77.9117400081	86.3784076965	31.0022285534	38.1016078047	43.8622402721	48.5735363194	55.7866685118	61.1799189032	69.8176542377	0.0	0.0	0.0	M.K.Sabbe Thermo CBS-QB3
3-methyl-1-penten-5-yl	38.7194663911	94.6560169607	32.5294643778	40.1048203366	46.6581016506	52.3018051519	61.2871553322	67.8676026838	78.418351837	0.0	0.0	0.0	M.K.Sabbe Thermo CBS-QB3
2-methyl-2-butyl	8.81519008593	90.5081791565	25.9950650192	32.9362835874	39.2773343291	44.9698391729	54.3483887982	61.2156675576	72.1717372894	0.0	0.0	0.0	M.K.Sabbe Thermo CBS-QB3
1-butyl	19.7493794715	79.2778697725	22.5979243204	28.3653769986	33.410322304	37.7983475247	44.8656217116	50.0904372511	58.5149230634	0.0	0.0	0.0	M.K.Sabbe Thermo CBS-QB3
vinyl	70.8040561434	55.8865383846	10.4122468533	12.2858563116	13.8773374216	15.2331280786	17.3959077622	19.0357711145	21.7707229276	0.0	0.0	0.0	M.K.Sabbe Thermo CBS-QB3
3-ethynyl-1,4-pentadiyne	175.688894622	81.6850555903	29.0014126391	34.2498287419	38.1904495071	41.1912409703	45.5155609131	48.8479599766	53.9861586758	0.0	0.0	0.0	M.K.Sabbe Thermo CBS-QB3
3-ethynyl-1-4-pentadiyne-3-yl	193.765871672	81.1801138685	28.8639120088	33.4408739167	36.7874568418	39.26473848	42.7270228643	45.4016053738	49.479639374	0.0	0.0	0.0	M.K.Sabbe Thermo CBS-QB3
3-ethyl-3-pentyl	0.473925697082	106.471721238	36.8569722632	46.9118217561	55.834639003	63.6759615338	76.3826771116	85.7018869104	100.493344516	0.0	0.0	0.0	M.K.Sabbe Thermo CBS-QB3
1-pentyn-3-yl	71.9566393688	82.2364197851	24.0469812502	29.4081472343	33.9316561843	37.7558612322	43.7773980968	48.250086674	55.3782666525	0.0	0.0	0.0	M.K.Sabbe Thermo CBS-QB3
ethene	12.106918754	52.3793646377	10.1774704759	12.5723154947	14.7336644774	16.6604138594	19.8341348199	22.1983908843	26.0771784745	0.0	0.0	0.0	M.K.Sabbe Thermo CBS-QB3
3-penten-1-yne-4-yl	118.434311299	77.3306004026	21.7123073064	26.0493194318	29.6946024449	32.7661733834	37.5862630852	41.1577884291	46.7416535533	0.0	0.0	0.0	M.K.Sabbe Thermo CBS-QB3
2,3,3-trimethyl-1-butene	-20.6639346501	91.4674338517	37.2620586622	47.3383307318	55.9562873159	63.3126679693	74.9451426416	83.4796029382	97.0420143393	0.0	0.0	0.0	M.K.Sabbe Thermo CBS-QB3
1-buten-4-yl	50.4232641948	77.554726274	20.1441130145	24.9934031777	29.1932468345	32.817271276	38.6129866044	42.892027196	49.751007274	0.0	0.0	0.0	M.K.Sabbe Thermo CBS-QB3
toluene	12.1335874203	76.6452668637	24.6475141509	33.182351439	40.3696317014	46.3876556718	55.5703603523	61.9217620753	71.5340047736	0.0	0.0	0.0	M.K.Sabbe Thermo CBS-QB3
benzyl	50.8318797612	76.7281893359	25.3966997208	33.7645027225	40.5477493022	46.038776772	54.1371440052	59.6927844168	68.0822376204	0.0	0.0	0.0	M.K.Sabbe Thermo CBS-QB3
ethynyl	135.842517575	51.5442942443	10.2778788284	10.5915723764	10.874896372	11.1428492804	11.6710983146	12.210157672	13.2052724527	0.0	0.0	0.0	M.K.Sabbe Thermo CBS-QB3
allene	44.9947191263	58.0857410212	13.9443138106	17.0044307992	19.5793679569	21.7512991213	25.1651188336	27.7044006911	31.7998144405	0.0	0.0	0.0	M.K.Sabbe Thermo CBS-QB3
1,4-pentadiene	25.6877320391	79.3408482707	24.4349854413	30.0574733338	35.0412389586	39.4126486863	46.467198116	51.6053813225	59.8396581942	0.0	0.0	0.0	M.K.Sabbe Thermo CBS-QB3
2-pentyl	12.0913996643	89.1585168032	27.1727795882	34.1728867054	40.4657119205	46.0505449477	55.1761725457	61.8752042101	72.5323422563	0.0	0.0	0.0	M.K.Sabbe Thermo CBS-QB3
1-propyl	24.6547926273	69.458869256	17.2298547861	21.4479134529	25.1615472455	28.4173477956	33.7363932128	37.7560928298	44.2678503477	0.0	0.0	0.0	M.K.Sabbe Thermo CBS-QB3
3-phenyl-1-butyne	66.8505823479	97.3639448998	38.7431445986	49.7754816354	58.837492201	66.2720296857	77.4338408881	85.2187100211	97.0878372894	0.0	0.0	0.0	M.K.Sabbe Thermo CBS-QB3
3-methyl-1-butyl	13.0007893517	85.82257115	28.7368171805	36.0401105459	42.3451679263	47.7702613948	56.4183451285	62.789339291	73.0179423793	0.0	0.0	0.0	M.K.Sabbe Thermo CBS-QB3
3-methyl-but-1-yn-3-yl	67.9814176913	79.8979732768	24.0381765103	28.9482709674	33.2847546094	37.0879380462	43.2680338384	47.8605915983	55.1956526624	0.0	0.0	0.0	M.K.Sabbe Thermo CBS-QB3
3-methyl-but-1-yn-4-yl	85.3055000179	81.3115848178	24.957185727	30.4690043425	34.9588162431	38.6480136118	44.3400701574	48.6360581297	55.5165766826	0.0	0.0	0.0	M.K.Sabbe Thermo CBS-QB3
3,3-dimethyl-4-penten-1-yne	52.2600841279	89.3881984551	35.4416969815	43.3770719614	49.936077271	55.382200236	63.8096505368	70.0469298749	79.9633181835	0.0	0.0	0.0	M.K.Sabbe Thermo CBS-QB3
2,2,4-trimethylpentane	-53.5348238368	102.137571238	45.1944828587	57.9980447548	68.9551479362	78.2997528259	93.0053644019	103.658782785	120.329686465	0.0	0.0	0.0	M.K.Sabbe Thermo CBS-QB3
2,3,3-trimethyl-2-butyl	-3.56281084423	99.1106091799	36.9927226237	47.3758252267	56.4083420401	64.2268693117	76.7495605576	85.9615502942	100.643279612	0.0	0.0	0.0	M.K.Sabbe Thermo CBS-QB3
1,2-butadiene	38.610980026	69.7342736594	18.8599011027	23.1809829499	26.9578108612	30.2430181853	35.5429001944	39.4768786777	45.7572372496	0.0	0.0	0.0	M.K.Sabbe Thermo CBS-QB3
3-methyl-1,4-pentadien-3-yl	40.4276267098	81.7673092727	27.3792756379	35.0091295245	41.4700230713	46.9257342949	55.4077669394	61.4896319921	70.9907684368	0.0	0.0	0.0	M.K.Sabbe Thermo CBS-QB3
2-penten-2-yl	49.7071799585	84.4112623168	25.3437282316	31.2296454512	36.5459279848	41.2821241477	49.0511064023	54.7676018546	63.8663971062	0.0	0.0	0.0	M.K.Sabbe Thermo CBS-QB3
3,3-dimethyl-4-penten-1-yl	31.5400560181	98.6142263458	37.5867805052	47.2366081524	55.3931983399	62.2732572729	72.973859589	80.6850783106	92.9284908912	0.0	0.0	0.0	M.K.Sabbe Thermo CBS-QB3
1-phenyl-1-propyl	39.0575413077	95.1754913762	35.1501150428	46.4890556831	55.9621020834	63.8406953372	75.7867602722	84.0446732056	96.5462992023	0.0	0.0	0.0	M.K.Sabbe Thermo CBS-QB3
3-methyl-1-pentyn-5-yl	79.2313938375	89.2885323267	30.3054442183	37.3748458851	43.2163184184	48.0617509726	55.5376252472	61.0398718913	69.822231567	0.0	0.0	0.0	M.K.Sabbe Thermo CBS-QB3
4-methyl-2,5-heptadiene	64.8375890158	105.120404473	40.5619061506	50.1984646077	58.8028121529	66.397677923	78.7412643984	87.776591984	102.122085226	0.0	0.0	0.0	M.K.Sabbe Thermo CBS-QB3
3-vinyl-3-methyl-1-penten-5-yl	58.2258556758	104.821763808	41.1303679519	51.2141729014	59.7265358897	66.8942739649	78.0037274316	85.9594051366	98.4784108825	0.0	0.0	0.0	M.K.Sabbe Thermo CBS-QB3
3-methyl-1-penten-3-yl	19.6199359712	89.5993695981	30.0217852206	38.0013663374	44.9446152974	50.9537231188	60.5668099763	67.6122772854	78.7253854651	0.0	0.0	0.0	M.K.Sabbe Thermo CBS-QB3
ethyne	54.6829553943	47.8762481831	10.3321458736	11.7988229056	12.8865725438	13.7123511648	14.9359649563	15.9658916725	17.7777305228	0.0	0.0	0.0	M.K.Sabbe Thermo CBS-QB3
1-propen-2-yl	60.30034374	65.4038320214	15.083003593	18.1730554616	20.9764237	23.4863725134	27.6390162871	30.7368908304	35.7154441195	0.0	0.0	0.0	M.K.Sabbe Thermo CBS-QB3
4-methyl-1-pentyl	8.59149749127	95.7419016183	34.1755526795	42.7350011821	50.2218445414	56.729775853	67.1877767333	74.8749566599	87.1155760665	0.0	0.0	0.0	M.K.Sabbe Thermo CBS-QB3
3-phenylpropene	32.5601232402	93.4235831101	33.6941290394	44.3029414517	53.1719472213	60.5529234971	71.7539036885	79.5041293206	91.2683573885	0.0	0.0	0.0	M.K.Sabbe Thermo CBS-QB3
3,3-diethynyl-1,4-pentadiyne	243.585824462	89.4231704164	37.4106410178	43.6767357814	48.2090307409	51.529442743	56.1415316069	59.7653225242	65.4000854852	0.0	0.0	0.0	M.K.Sabbe Thermo CBS-QB3
1-hexen-6-yl	40.3070820958	96.9721625902	31.0661876987	38.8923880601	45.6747494842	51.5193133088	60.8078775449	67.5610676062	78.2940558434	0.0	0.0	0.0	M.K.Sabbe Thermo CBS-QB3
3,3,4,4-tetramethyl-1-pentyl	-6.71103069502	106.876335656	51.0287714975	64.4715853961	75.942725744	85.7132379722	101.118885982	112.386197625	130.192371348	0.0	0.0	0.0	M.K.Sabbe Thermo CBS-QB3
2-propyl	21.6264729356	68.9534603667	16.1450464966	20.1871987633	23.9358473876	27.3434604439	33.0386950008	37.265618432	44.0536518912	0.0	0.0	0.0	M.K.Sabbe Thermo CBS-QB3
2,3-dimethyl-2-butene	-14.9626937024	86.8582664483	29.1586646096	37.012366686	44.233894787	50.7475725189	61.5190921566	69.4031978697	81.9024651862	0.0	0.0	0.0	M.K.Sabbe Thermo CBS-QB3
trans-2-pentene	-7.18930640375	82.096599544	26.1291590201	32.6168624686	38.4463489338	43.6221566157	52.0999148351	58.3625483471	68.3712976084	0.0	0.0	0.0	M.K.Sabbe Thermo CBS-QB3
2-butyl	16.9779662836	79.2995572545	21.758653238	27.2241960368	32.2006083394	36.6641766201	44.0429944304	49.5112109298	58.2672526996	0.0	0.0	0.0	M.K.Sabbe Thermo CBS-QB3
propargyl	83.8634307551	60.8432266781	14.9868504783	17.2346975787	19.0235159085	20.4685147324	22.6902624152	24.4311007198	27.3459329367	0.0	0.0	0.0	M.K.Sabbe Thermo CBS-QB3
3-methyl-1-penten-4-yl	35.6335153006	95.4546232605	33.4622853705	40.150030725	46.208512368	51.6276885781	60.5896644855	67.2824513577	78.0636063283	0.0	0.0	0.0	M.K.Sabbe Thermo CBS-QB3
cis-2-pentene	-5.85466767857	82.276395177	25.1169616342	31.9703806891	38.0803437312	43.4611637288	52.1636550155	58.4764725036	68.4705731192	0.0	0.0	0.0	M.K.Sabbe Thermo CBS-QB3
2-ethenyl-1,3-butadiene	44.0753044952	83.4470118715	27.2601602	33.8463551836	39.433661101	44.1652147853	51.5684715023	56.9406548569	65.408937637	0.0	0.0	0.0	M.K.Sabbe Thermo CBS-QB3
2,2-dimethyl-1-butyl	6.53791201972	92.0023957209	34.6790920604	43.5581526604	51.1268592265	57.5711325689	67.7446617149	75.2245021476	87.1923215629	0.0	0.0	0.0	M.K.Sabbe Thermo CBS-QB3
4,4-dimethyl-1-pentyl	1.43758756656	99.19071504	40.3147826035	50.5363642731	59.3400440347	66.8945576024	78.8816188829	87.6497933066	101.622490929	0.0	0.0	0.0	M.K.Sabbe Thermo CBS-QB3
3-methyl-1-penten-4-yn-3-yl	83.7836684463	83.2548395246	26.9395654019	33.1455063708	38.3010462858	42.5953546791	49.2359681402	54.0967554544	61.7239825161	0.0	0.0	0.0	M.K.Sabbe Thermo CBS-QB3
hex-3,5-dienyl	64.7721633643	90.0324407243	28.8178409752	36.5726602239	43.0164135642	48.3415192502	56.3311190475	61.7834391345	70.3175166793	0.0	0.0	0.0	M.K.Sabbe Thermo CBS-QB3
ethyl	29.1735765712	59.2744053835	12.2441163115	14.7972511201	17.139233298	19.2605931662	22.8364120033	25.5803291848	30.1139608953	0.0	0.0	0.0	M.K.Sabbe Thermo CBS-QB3
1,4-pentadiyne	109.213874659	71.5063363841	21.2968675426	25.4108279671	28.6549091041	31.2447827162	35.1438053	38.1101133546	42.8020249235	0.0	0.0	0.0	M.K.Sabbe Thermo CBS-QB3
3,3-dimethyl-1,4-pentadiene	12.5594342771	93.1746023564	35.6659005127	44.8408587907	52.6217093284	59.206645621	69.4940270209	76.93846123	88.6921373074	0.0	0.0	0.0	M.K.Sabbe Thermo CBS-QB3
2-methyl-2-buten-3-yl	46.5144103506	82.6237458996	25.7013816205	31.2777486244	36.4042085445	41.0386924565	48.7647556688	54.5245833049	63.6973666314	0.0	0.0	0.0	M.K.Sabbe Thermo CBS-QB3
3-phenyl-3-methyl-1-butyne	60.3178539885	101.602339983	44.5156254865	57.2442856295	67.6335918098	76.1157932862	88.8197344601	97.7415244149	111.410697132	0.0	0.0	0.0	M.K.Sabbe Thermo CBS-QB3
1-penten-3-yl	27.7287167307	81.9128775403	25.4360817557	31.9691999785	37.6141141829	42.4699816576	50.1884335329	55.8267257549	64.7722067906	0.0	0.0	0.0	M.K.Sabbe Thermo CBS-QB3
2-methyl-1,3-butadien-3-yl	68.4045323118	78.7002895925	23.5683872517	29.2706779868	34.051194099	38.0666345851	44.3343878733	48.9487426591	56.2575478879	0.0	0.0	0.0	M.K.Sabbe Thermo CBS-QB3
2-phenyl-1,3-butadiene	50.8614418438	93.7291472432	38.4965853471	50.0555287835	59.3783202011	66.8978762407	77.9781714539	85.6366383664	97.062582031	0.0	0.0	0.0	M.K.Sabbe Thermo CBS-QB3
1,5-hexadiene	20.6923551624	91.172061096	28.7768914856	36.324399624	42.8610559864	48.4873113914	57.4036272218	63.8497721347	74.0572091713	0.0	0.0	0.0	M.K.Sabbe Thermo CBS-QB3
n-pentane	-35.0828463845	83.9195750985	29.6983814975	36.7814436472	43.2529221564	49.0722115752	58.7120731777	65.8572722011	77.3043198468	0.0	0.0	0.0	M.K.Sabbe Thermo CBS-QB3
n-hexane	-40.0138230061	93.7233668015	35.7306963887	44.0085567057	51.607749934	58.4583701541	69.8027581043	78.1564340514	91.5742211113	0.0	0.0	0.0	M.K.Sabbe Thermo CBS-QB3
3-phenyl-1-penten-4-yn-3-yl	113.063424141	100.243675217	41.0876199264	52.6606955818	62.0030099198	69.5381600635	80.6151183649	88.2153958909	99.5680963269	0.0	0.0	0.0	M.K.Sabbe Thermo CBS-QB3
2-ethynyl-1,3-butadiene	82.7456316091	78.0405884894	25.5570212528	31.6644538034	36.582912091	40.566730769	46.5603011344	50.9298950258	57.7663435005	0.0	0.0	0.0	M.K.Sabbe Thermo CBS-QB3
3,3-dimethyl-1,4-pentadiyne	130.45700809	84.962297453	33.2813834346	40.5769750883	46.3692204257	51.0134052171	57.9924768791	63.2114387761	71.43081872	0.0	0.0	0.0	M.K.Sabbe Thermo CBS-QB3
3-ethenyl-3-methyl-1,4-pentadiyne	122.359240497	93.3191109588	36.7913717544	44.5170079215	50.6360839109	55.5292936934	62.8541329821	68.3100473999	76.8497112926	0.0	0.0	0.0	M.K.Sabbe Thermo CBS-QB3
3-ethenyl-3-methyl-4-penten-1-yne	78.9780385657	97.1354889168	37.8109758927	46.5334350215	53.6591730956	59.509763542	68.4447422435	75.0027464795	85.3648012132	0.0	0.0	0.0	M.K.Sabbe Thermo CBS-QB3
2,3-dimethylbutane	-42.0519898654	88.0512055167	34.0797449551	43.3559973769	51.438918085	58.452838031	69.7461394499	78.1311092741	91.5265509421	0.0	0.0	0.0	M.K.Sabbe Thermo CBS-QB3
3-ethenyl-3-methyl-1,4-pentadiene	38.058915441	95.2992479316	39.3767514599	50.1956155206	58.8011139031	65.678409754	75.833903686	83.1228314473	94.6977443905	0.0	0.0	0.0	M.K.Sabbe Thermo CBS-QB3
3,3-dimethyl-1-butene	-14.0580671319	83.6459912728	32.2482671868	40.9990999976	48.4211729248	54.707674096	64.556807741	71.7323821962	83.1608086821	0.0	0.0	0.0	M.K.Sabbe Thermo CBS-QB3
2,2,3,3-tetramethyl-1-butyl	-4.13926545469	100.744158728	45.3212376398	57.379997834	67.5879227946	76.2386822152	89.8765614528	99.9757060669	115.963213182	0.0	0.0	0.0	M.K.Sabbe Thermo CBS-QB3
3-vinyl-1-penten-5-yl	65.3098094986	101.093257414	35.4615345251	43.5791485891	50.5689722578	56.557574597	66.011840341	72.8522935072	83.7543618755	0.0	0.0	0.0	M.K.Sabbe Thermo CBS-QB3
3,3-diethenyl-1,4-pentadiyne	149.359380707	99.3598028151	41.6986700582	49.5055739323	55.6905559168	60.6410076411	68.0737404127	73.6463196244	82.4603352718	0.0	0.0	0.0	M.K.Sabbe Thermo CBS-QB3
2,3-dimethyl-2-butyl	3.8331899515	96.5838658523	31.6831792418	40.22527332	47.844045084	54.5695291239	65.5270100913	73.602943743	86.414177557	0.0	0.0	0.0	M.K.Sabbe Thermo CBS-QB3
3-phenyl-1-propyne	73.5560103791	89.0447407115	31.7757584841	41.5320246809	49.5237342805	56.0584599811	65.8117765862	72.550660512	82.6842956852	0.0	0.0	0.0	M.K.Sabbe Thermo CBS-QB3
3-methyl-1-buten-4-yl	43.8888889526	85.424278789	27.5431814304	33.3143232831	38.383848873	42.811681271	49.9848738068	55.3249455821	63.9618739996	0.0	0.0	0.0	M.K.Sabbe Thermo CBS-QB3
allyl	39.9789537063	61.7075819245	14.9228661869	18.7850983246	21.9866191373	24.6483225575	28.7588417917	31.7757628539	36.6352648612	0.0	0.0	0.0	M.K.Sabbe Thermo CBS-QB3
2-methyl-1-propen-3-yl	32.8659792526	70.450123951	19.627816143	25.0186816355	29.5397886049	33.339207747	39.2758122603	43.6552484527	50.6338384473	0.0	0.0	0.0	M.K.Sabbe Thermo CBS-QB3
1-pentyn-5-yl	85.3949595144	82.440924579	24.3808543753	29.9263648759	34.5040120425	38.300901289	44.1721182203	48.5220211539	55.4689551768	0.0	0.0	0.0	M.K.Sabbe Thermo CBS-QB3
2-methyl-1,3-butadiene	18.488007174	75.0389452923	24.4639408979	31.4663063894	37.0822521471	41.5981400275	48.2791936821	53.0163786037	60.5846386593	0.0	0.0	0.0	M.K.Sabbe Thermo CBS-QB3
1-phenyl-1-ethyl	43.773713814	85.9817926011	29.7280043365	39.3915768825	47.4623321634	54.1717922732	64.3367407887	71.3539009158	81.9785140029	0.0	0.0	0.0	M.K.Sabbe Thermo CBS-QB3
propene	4.66364655232	63.6317235216	15.2713941151	19.0920616392	22.5067016757	25.5305186251	30.491575373	34.1971651226	40.1489347084	0.0	0.0	0.0	M.K.Sabbe Thermo CBS-QB3
but-1-en-3-yn-2-yl	116.871478576	69.3709054249	18.7589593805	21.2750058044	23.3200729435	25.004004785	27.6364309749	29.6854060747	32.9832134786	0.0	0.0	0.0	M.K.Sabbe Thermo CBS-QB3
neopentyl	10.8027940033	80.4262502141	29.0738728852	36.6047565488	42.937286049	48.276066519	56.6653806845	62.907859249	72.9496300338	0.0	0.0	0.0	M.K.Sabbe Thermo CBS-QB3
isobutane	-32.193244243	70.8473185579	23.3616615312	29.7330880025	35.299396263	40.1409970691	47.9595801347	53.7835664157	63.1695620222	0.0	0.0	0.0	M.K.Sabbe Thermo CBS-QB3
1-butene	0.133938059453	73.720883236	20.5213059092	25.9121674293	30.6500705418	34.7860742882	41.4663970001	46.4007165037	54.3173163889	0.0	0.0	0.0	M.K.Sabbe Thermo CBS-QB3
3,3-dimethyl-1-pentyn-5-yl	71.5473371896	95.3261066337	36.7268247564	45.3613522857	52.4677545447	58.3358375596	67.325160254	73.8833297466	84.3223519408	0.0	0.0	0.0	M.K.Sabbe Thermo CBS-QB3
cis-2-penten-4-yl	25.064179707	81.2833979546	24.0929440327	30.5316783001	36.2473061553	41.265776855	49.3674333299	55.2537998409	64.528130559	0.0	0.0	0.0	M.K.Sabbe Thermo CBS-QB3
phenylethyne	76.4715163774	78.5167532017	27.6026882416	35.7970562435	42.3801260504	47.6678340914	55.4144749267	60.7387275154	68.6583067861	0.0	0.0	0.0	M.K.Sabbe Thermo CBS-QB3
2,3,4-trimethyl-1,4-pentadiene	4.54729247987	99.6256180926	43.5686561863	53.6891075783	62.1429864196	69.2535608115	80.500781067	89.0685628117	102.667595827	0.0	0.0	0.0	M.K.Sabbe Thermo CBS-QB3
3-methyl-3-buten-1-yne	61.7291593118	74.586999468	22.859970005	27.8130545131	31.932896642	35.3790889676	40.7762260668	44.8305326376	51.2591777122	0.0	0.0	0.0	M.K.Sabbe Thermo CBS-QB3
2-methyl-1,3-butadien-1-yl	78.8775167002	76.6411353241	24.6739643415	30.9078718096	35.7908225744	39.6450193092	45.3014026783	49.4364084894	56.0009880307	0.0	0.0	0.0	M.K.Sabbe Thermo CBS-QB3
2-methyl-3-pentyl	6.08204165654	97.7869911112	33.4548422694	41.8363335616	49.2636885422	55.7887246851	66.38189433	74.2015181942	86.6951991628	0.0	0.0	0.0	M.K.Sabbe Thermo CBS-QB3
3-phenyl-1-4-pentadien-3-yl	75.4470639923	98.781130869	41.8104319752	54.7346887808	65.3479958942	74.0359906825	86.9763758953	95.8320759276	109.199585856	0.0	0.0	0.0	M.K.Sabbe Thermo CBS-QB3
2-propenyl-1,3-pentadiene	28.7256018834	99.4393602363	39.3232538112	48.8800153845	56.9119381484	63.6662372165	74.1923667135	81.8822927596	94.0450136477	0.0	0.0	0.0	M.K.Sabbe Thermo CBS-QB3
1-hexen-3-yl	22.727464307	91.7052852082	31.0941064086	39.0296343304	45.9175576893	51.8590497455	61.3034000944	68.155939873	79.0374008245	0.0	0.0	0.0	M.K.Sabbe Thermo CBS-QB3
1-butyne	40.0719165959	69.4359994431	19.4127152305	23.861896257	27.6210305309	30.8081231724	35.8631473578	39.6707830494	45.7903168711	0.0	0.0	0.0	M.K.Sabbe Thermo CBS-QB3
3-methyl-1-buten-3-yl	24.1305249322	81.1952955222	24.7443409443	31.1354164635	36.7633699991	41.6794715331	49.6038823742	55.4095442423	64.5962934387	0.0	0.0	0.0	M.K.Sabbe Thermo CBS-QB3
1-penten-5-yl	45.302043313	86.8580722588	25.4434216508	31.9055897788	37.4527099421	42.2012022279	49.7254617242	55.2396418007	63.9990353793	0.0	0.0	0.0	M.K.Sabbe Thermo CBS-QB3
2,3-dimethyl-2-but-1-enyl	18.5211862506	88.2131678872	29.4968651929	37.3239059396	44.2404690992	50.2959314327	60.0647503768	67.2001357014	78.5180021544	0.0	0.0	0.0	M.K.Sabbe Thermo CBS-QB3
2-methyl-2-butene	-9.62707639392	80.7049589364	25.6213040787	31.9077083205	37.6805475292	42.8892627234	51.5344067966	57.9279553052	68.1497306348	0.0	0.0	0.0	M.K.Sabbe Thermo CBS-QB3
1-phenyl-3-propyl	52.2224894163	98.9814153197	36.1771263309	46.9667377909	56.0200709953	63.5824771541	75.1192142368	83.1529629667	95.4621703121	0.0	0.0	0.0	M.K.Sabbe Thermo CBS-QB3
3-ethenyl-4-penten-1-yne	86.3644802161	90.174813276	33.0251171462	39.670472796	45.2331360167	49.9015875064	57.1918659225	62.5775049769	71.1041340578	0.0	0.0	0.0	M.K.Sabbe Thermo CBS-QB3
3-vinyl-1-penten-3-yl	35.5654044034	89.6418776247	33.5301069118	43.0088433427	50.963780571	57.6122182959	67.7718436426	74.8783154205	85.9020420331	0.0	0.0	0.0	M.K.Sabbe Thermo CBS-QB32,3-dimethyl-1-butyl	7.9703158856	94.2339306989	34.2266010548	43.0888132294	50.6701223979	57.1466507671	67.4121038892	74.9831500675	87.0831797175	0.0	0.0	0.0	M.K.Sabbe Thermo CBS-QB3
2,2,3-trimethyl-1-butyl	1.41198934879	98.1630145628	40.0600846637	50.4590837784	59.3053947736	66.829464781	78.7164981565	87.4990721494	101.567979098	0.0	0.0	0.0	M.K.Sabbe Thermo CBS-QB3
2,3-dimethyl-1,3-butadiene	10.7580006645	80.6021956004	30.6639356091	39.0653858052	45.7118189994	51.0191574175	58.9489311526	64.8568541141	74.3536456215	0.0	0.0	0.0	M.K.Sabbe Thermo CBS-QB3
1,4-pentadien-3-yl	48.0317475533	73.7447351971	22.7730853616	28.9818865406	34.1566295888	38.464150564	45.0577294582	49.7487474101	57.1078297703	0.0	0.0	0.0	M.K.Sabbe Thermo CBS-QB3
1,3-butadiene	26.7367444287	66.3056811878	18.4345670575	24.0323906032	28.5868718552	32.2695256988	37.6267787565	41.1617410806	46.696570484	0.0	0.0	0.0	M.K.Sabbe Thermo CBS-QB3
2-methylpentane	-41.3893058137	91.3583695027	35.7382872673	44.6308792435	52.4055231251	59.1826432936	70.191115452	78.4801125136	91.703618806	0.0	0.0	0.0	M.K.Sabbe Thermo CBS-QB3
cis-4,4-dimethyl-2-pentene	-17.1517890392	93.1406477189	36.3240631124	46.2288884256	54.8317529916	62.2658420192	74.1417046851	82.8470396563	96.6990721631	0.0	0.0	0.0	M.K.Sabbe Thermo CBS-QB3
trans-2-butene	-2.56568852685	70.7517090705	20.8308028536	25.7719569087	30.2967064749	34.3730219655	41.1394211129	46.1636726151	54.2271313808	0.0	0.0	0.0	M.K.Sabbe Thermo CBS-QB3
1,3-butadien-2-yl	75.2453352446	69.7107714926	18.7483448228	23.0271447198	26.5340434167	29.4242430669	33.8641631698	37.1437595759	42.2850618018	0.0	0.0	0.0	M.K.Sabbe Thermo CBS-QB3
cis-2-butene	-1.32510352183	71.8218055282	19.7708314174	24.8223448934	29.4852062613	33.7031861729	40.6975917393	45.8277568233	54.0502402938	0.0	0.0	0.0	M.K.Sabbe Thermo CBS-QB3
trans-4,4-dimethyl-2-pentene	-21.4100872334	92.4187623562	37.8995170745	47.7260620113	56.2348608599	63.5663666232	75.2343555715	83.7538315449	97.2758970997	0.0	0.0	0.0	M.K.Sabbe Thermo CBS-QB3
1-buten-1-yl	59.4291186902	74.7918809422	20.3887216226	25.2542370231	29.4418492493	33.0405871093	38.7900862087	43.0650897725	49.9102281218	0.0	0.0	0.0	M.K.Sabbe Thermo CBS-QB3
3-ethynyl-3-methyl-1,4-pentadiyne	167.79124094	88.0192514735	35.2856002181	42.1166857988	47.3200059216	51.3316472937	57.1474079282	61.5453306122	68.4587465475	0.0	0.0	0.0	M.K.Sabbe Thermo CBS-QB3
1-pentyl	14.8884457599	88.7861829732	28.6600276885	35.6277786784	41.7923925901	47.201396582	55.9737882267	62.449590023	72.8013410483	0.0	0.0	0.0	M.K.Sabbe Thermo CBS-QB3
benzene	19.8403677421	64.318751673	19.4904325031	26.7752288498	32.78791972	37.7245582184	45.0670354697	50.023665248	57.4820604606	0.0	0.0	0.0	M.K.Sabbe Thermo CBS-QB3
3-methyl-1,4-pentadiyne	102.918990095	80.1282602673	27.0480003384	32.7334625106	37.2581640094	40.8966611738	46.3906481667	50.5213954427	57.0263872726	0.0	0.0	0.0	M.K.Sabbe Thermo CBS-QB3
4-penten-1-yne	66.0901188363	76.5407460818	22.4027719675	27.513858258	31.761061771	35.3039583975	40.8090684298	44.881530979	51.3256936869	0.0	0.0	0.0	M.K.Sabbe Thermo CBS-QB3
3,3-dimethyl-1-buten-4-yl	36.6007677127	89.6356874069	32.4169915793	40.385800231	47.0993655369	52.7568606139	61.5932415157	68.0599637338	78.4127078876	0.0	0.0	0.0	M.K.Sabbe Thermo CBS-QB3
propane	-25.3868965178	64.8804426054	17.6056187675	22.3234221902	26.5645493456	30.3386367584	36.5640907165	41.2362853076	48.8240355104	0.0	0.0	0.0	M.K.Sabbe Thermo CBS-QB3
1-butyn-3-yl	76.5955971931	72.151352958	18.9596750249	22.6900494885	25.8526003352	28.543008745	32.8287953011	36.0675479063	41.2262298813	0.0	0.0	0.0	M.K.Sabbe Thermo CBS-QB3
3,3-diethenyl-4-penten-1-yne	106.046483995	103.21945866	41.6986263605	50.9587752033	58.4489703912	64.540324191	73.7416202375	80.454215654	90.983860826	0.0	0.0	0.0	M.K.Sabbe Thermo CBS-QB3
3-ethenyl-1,4-pentadiene	45.6090264872	95.4947132934	33.2772116989	41.2189476671	47.9565045745	53.6686002688	62.6421123571	69.2125585073	79.5926136954	0.0	0.0	0.0	M.K.Sabbe Thermo CBS-QB3
2-phenylpropane	0.787505789567	92.5303230111	36.5294579414	48.020858707	57.6787892899	65.7613121506	78.1306087373	86.7861449074	100.115171105	0.0	0.0	0.0	M.K.Sabbe Thermo CBS-QB3
2-phenyl-1-propyl	50.8758231318	94.8860283295	37.2782389107	47.8950857327	56.7568134593	64.1353112835	75.3971503909	83.3236221723	95.4888258816	0.0	0.0	0.0	M.K.Sabbe Thermo CBS-QB3
3-methyl-1,4-pentadiene	19.4997152802	88.6206807424	29.4488480247	36.8671208449	43.2648357262	48.760796264	57.4896809344	63.8722525919	73.9823009627	0.0	0.0	0.0	M.K.Sabbe Thermo CBS-QB3
3-methyl-1-butene	-6.51904523517	80.6200249127	27.0349345608	33.7407116534	39.5915745943	44.6713273025	52.8436865833	58.8920963935	68.6227075976	0.0	0.0	0.0	M.K.Sabbe Thermo CBS-QB3
2,2,4,4-tetramethyl-pentane	-58.1535696643	107.553449154	50.6734495771	65.3950852818	77.7741441232	88.1676494495	104.250213861	115.795448946	133.856111854	0.0	0.0	0.0	M.K.Sabbe Thermo CBS-QB3
alpha-methyl-styrene	27.9823841177	90.4751986913	33.9133947356	44.4891260368	53.2941914113	60.6035976814	71.700339103	79.4389205017	91.0827317362	0.0	0.0	0.0	M.K.Sabbe Thermo CBS-QB3
2-ethynyl-1-buten-3-yne	128.936052678	75.8855037567	24.7882893246	29.6272583997	33.3261755173	36.1890571811	40.3594024776	43.5169155806	48.4217290768	0.0	0.0	0.0	M.K.Sabbe Thermo CBS-QB3
heptane	-44.8356050769	102.933589631	41.937450134	51.4030723027	60.1063678248	67.9596450409	80.9668082157	90.5287497488	105.860792038	0.0	0.0	0.0	M.K.Sabbe Thermo CBS-QB3
1,3-pentadien-3-yl	68.669647975	78.7901425668	23.7801675396	29.2364305455	33.918849792	37.9248750224	44.2633390614	48.8946072233	56.2344477184	0.0	0.0	0.0	M.K.Sabbe Thermo CBS-QB3
t-Bu-benzene	-5.68172922537	96.5380890553	41.9653534702	55.1880106377	66.2119332938	75.3777414815	89.3335807473	99.1248332729	114.229697412	0.0	0.0	0.0	M.K.Sabbe Thermo CBS-QB3
5,5-dimethyl-1-hexyne-3-yl	51.9836833984	101.210476151	41.9071523649	52.119612149	60.5586335889	67.552702286	78.305980139	86.1515556433	98.4961431923	0.0	0.0	0.0	M.K.Sabbe Thermo CBS-QB3
3-ethyl-1,4-pentadiene	15.811582383	95.4984577402	37.178622161	45.9603561657	53.3664486619	59.6269010651	69.4910508134	76.8334549704	88.5231983991	0.0	0.0	0.0	M.K.Sabbe Thermo CBS-QB3
