// CBS-QB3 (no HR)
//tert_C7H13OJ    -40.04   103.39   39.79   49.38   58.35   66.16   78.80   88.17  102.04  0.0  0.0  0.0
//pri_C7H13OJ     -26.77   101.55   41.04   50.60   59.33   66.98   79.33   88.49  102.09  0.0  0.0  0.0
//tert_C7H13O3J   -68.21   110.62   47.55   58.23   67.62   75.82   89.10   98.92  113.28  0.0  0.0  0.0
//pri_C7H13O3J    -60.98   107.86   45.27   56.35   66.31   74.94   88.73   98.80  113.30  0.0  0.0  0.0
//QOOH_tt         -69.25   100.19   48.95   59.68   68.85   76.91   89.89   99.45  113.48  0.0  0.0  0.0
//QOOH_tp         -53.88   109.61   49.73   60.48   69.78   77.81   90.61   99.90  113.38  0.0  0.0  0.0
//QOOH_pt         -63.11   113.29   47.60   58.12   67.73   76.06   89.42   99.20  113.41  0.0  0.0  0.0
//QOOH_pp         -48.49   112.43   48.44   59.04   68.52   76.74   89.91   99.53  113.48  0.0  0.0  0.0
//cyclicether_4   -89.95    96.76   41.69   51.65   60.54   68.31   80.67   89.51  102.92  0.0  0.0  0.0
//cyclicether_5  -100.18    96.43   39.36   49.75   59.13   67.29   79.94   89.09  102.80  0.0  0.0  0.0
//cyclicether_6   -97.00    91.69   37.63   48.08   57.71   66.19   79.37   88.66  102.64  0.0  0.0  0.0

// CBS-QB3 (1D HR)
DMK             -21.63    76.99  22.56   26.60   30.27   33.61   39.32   43.69   50.42   0.0  0.0  0.0
MK              -15.39    70.00  16.57   19.50   22.23   24.71   28.79   31.76   36.32   0.0  0.0  0.0
C6H10O-1        -38.30    94.20  34.20   41.35   47.72   53.33   62.42   69.18   79.26   0.0  0.0  0.0

// Group additivity with CBS-QB3 H298
DIPK            -76.4    103.14  38.67   49.5    59.37   67.3    79.89   89.07  100.31   0.0  0.0  0.0
tert_C7H13OJ    -40.2    101.43  39.29   49.3    58.14   65.48   77.02   85.6    96.84   0.0  0.0  0.0
pri_C7H13OJ     -26.77   108.23  38.13   48.24   57.45   64.84   76.62   85.23   96.47   0.0  0.0  0.0
tert_C7H13O3J   -68.21   118.09  45.56   56.82   66.68   74.78   87.1    96.28   107.5   0.0  0.0  0.0
pri_C7H13O3J    -60.98   122.68  44.53   55.7    65.49   73.35   85.73   95.07   104.21  0.0  0.0  0.0
C7H12O          -47.91   100.59  37.69   47.48   56.15   63.12   74.09   82.16   92.61   0.0  0.0  0.0
C7H11O-2        -10.41    98.84  37.07   46.92   55.37   62.00   72.25   79.70   89.12   0.0  0.0  0.0
// Not sure we believe these numbers (from Adam Scheer)
//QOOH_tt         -69.25    114.78  48.23   59.46   69.0    77.05   88.95   97.78   109.11  0.0  0.0  0.0
//QOOH_tp         -53.88    121.58  47.07   58.4    68.31   76.41   88.55   97.41   108.74  0.0  0.0  0.0
//QOOH_pt         -63.11    119.37  47.2    58.34   67.81   75.62   87.58   96.57   105.82  0.0  0.0  0.0
//QOOH_pp         -48.49    126.18  46.04   57.28   67.12   74.98   87.18   96.2    105.45  0.0  0.0  0.0
//cyclicether_4   -89.95     94.2   37.12   49.57   60.11   68.6    81.33   89.83   100.32  0.0  0.0  0.0
//cyclicether_5  -100.18     99.05  34.2    46.84   57.56   66.01   79.04   88.07   97.33   0.0  0.0  0.0
//cyclicether_6   -97.00     92.69  34.27   47.32   58.57   67.38   80.57   89.69   94.41   0.0  0.0  0.0
